{
  "nbformat": 4,
  "nbformat_minor": 0,
  "metadata": {
    "colab": {
      "name": "Multivariate-Exam.ipynb",
      "provenance": [],
      "include_colab_link": true
    },
    "kernelspec": {
      "name": "python3",
      "display_name": "Python 3"
    },
    "language_info": {
      "name": "python"
    }
  },
  "cells": [
    {
      "cell_type": "markdown",
      "metadata": {
        "id": "view-in-github",
        "colab_type": "text"
      },
      "source": [
        "<a href=\"https://colab.research.google.com/github/Kggzzz/Multivaririate/blob/main/Multivariate_Exam.ipynb\" target=\"_parent\"><img src=\"https://colab.research.google.com/assets/colab-badge.svg\" alt=\"Open In Colab\"/></a>"
      ]
    },
    {
      "cell_type": "markdown",
      "metadata": {
        "id": "JZxiNADfaDtv"
      },
      "source": [
        "ให้นักศึกษาทำข้อสอบใน Colab Notebook นี้โดยกรอกข้อมูลของตัวเองใน cell ที่ 2 แล้วรัน cell ที่ 1 - 5 และเริ่มทำข้อสอบใน cell ที่ 6 เป็นต้นไป\n",
        "\n",
        "โดยโจทย์คือ\n",
        "1. ข้อมูลโจทย์ อยู่ใน ตัวแปร ```Data```\n",
        "2. ทำ clustering แล้วทำ visualize ข้อมูลแบบ 2 มิติ\n",
        "3. ลด Dimension ของข้อมูลเหลือ 2 มิติ แล้วทำ clustering แล้ว visualize ข้อมูลแบบ 2 มิติ\n",
        "4. เปรียบเทียบความแตกต่างของผลข้อ 2. กับ ข้อ 3.\n",
        "5. เขียน comments อธิบายทุกขั้นตอน\n",
        "6. อัด video อธิบาย code ทุกๆขั้นตอนรวมถึงผลแล้วอัพลง youtube ในรูปแบบ unlist \n",
        "7. commit โดยใช้ชื่อ commit เป็น link youtube ที่อธิบาย code ในข้อ 6.\n",
        "\n",
        "กำหนดส่งวันที่ 2 พฤษภาคม 2564 (โดยให้มากรอกวันที่ commit ครั้งสุดท้ายใน sheet: https://docs.google.com/spreadsheets/d/1_qJwLDJVtOW1HxBcf_FHVc6UT4J_SOonuR6o3EEnVzw/edit?usp=sharing ช่อง Final)"
      ]
    },
    {
      "cell_type": "code",
      "metadata": {
        "id": "cWl2x1bPGtQl"
      },
      "source": [
        "from sklearn.datasets import make_blobs\n",
        "import random,math\n",
        "import numpy as np\n",
        "import pandas \n",
        "from matplotlib import pyplot as plt\n",
        "from sklearn.decomposition import PCA \n",
        "from sklearn.manifold import MDS"
      ],
      "execution_count": 26,
      "outputs": []
    },
    {
      "cell_type": "code",
      "metadata": {
        "id": "gZfzuiHsZksh"
      },
      "source": [
        "Name = 'รัฐพร ลีนาราชรุ่งเรือง'\n",
        "ID = '6130210204'"
      ],
      "execution_count": 27,
      "outputs": []
    },
    {
      "cell_type": "code",
      "metadata": {
        "id": "8hFQXkF5aAiA"
      },
      "source": [
        "def DataGenerator(name,id):\n",
        "    random.seed(int(id[3:6]))\n",
        "    numfeat = random.randint(20,30)\n",
        "    ct = random.randint(len(name)-6,len(name))\n",
        "    \n",
        "    X, y = make_blobs(n_samples=10000, centers=ct, n_features=numfeat , random_state=int(id[3:6]))\n",
        "\n",
        "    print(f'{id[3:6]}:{numfeat}:{ct}')\n",
        "    X_t = (X[:,1]*2)+int(id[3])\n",
        "    X_t2 = (X[:,-1]*5)+int(id[4])\n",
        "\n",
        "    DT = np.append(X,X_t.reshape([10000,1]),axis=1)\n",
        "    DT = np.append(DT,X_t2.reshape([10000,1]),axis=1)\n",
        "    \n",
        "    return pandas.DataFrame(DT)"
      ],
      "execution_count": 28,
      "outputs": []
    },
    {
      "cell_type": "code",
      "metadata": {
        "colab": {
          "base_uri": "https://localhost:8080/"
        },
        "id": "hbXlxumSBX9i",
        "outputId": "9b268baf-cf82-410a-b6c3-254070c96c0c"
      },
      "source": [
        "Data = DataGenerator(Name,ID)"
      ],
      "execution_count": 29,
      "outputs": [
        {
          "output_type": "stream",
          "text": [
            "021:22:19\n"
          ],
          "name": "stdout"
        }
      ]
    },
    {
      "cell_type": "code",
      "metadata": {
        "colab": {
          "base_uri": "https://localhost:8080/",
          "height": 428
        },
        "id": "pQcCySXvBdN-",
        "outputId": "64725a5b-48b4-4464-da19-a3342d6931b7"
      },
      "source": [
        "Data"
      ],
      "execution_count": 30,
      "outputs": [
        {
          "output_type": "execute_result",
          "data": {
            "text/html": [
              "<div>\n",
              "<style scoped>\n",
              "    .dataframe tbody tr th:only-of-type {\n",
              "        vertical-align: middle;\n",
              "    }\n",
              "\n",
              "    .dataframe tbody tr th {\n",
              "        vertical-align: top;\n",
              "    }\n",
              "\n",
              "    .dataframe thead th {\n",
              "        text-align: right;\n",
              "    }\n",
              "</style>\n",
              "<table border=\"1\" class=\"dataframe\">\n",
              "  <thead>\n",
              "    <tr style=\"text-align: right;\">\n",
              "      <th></th>\n",
              "      <th>0</th>\n",
              "      <th>1</th>\n",
              "      <th>2</th>\n",
              "      <th>3</th>\n",
              "      <th>4</th>\n",
              "      <th>5</th>\n",
              "      <th>6</th>\n",
              "      <th>7</th>\n",
              "      <th>8</th>\n",
              "      <th>9</th>\n",
              "      <th>10</th>\n",
              "      <th>11</th>\n",
              "      <th>12</th>\n",
              "      <th>13</th>\n",
              "      <th>14</th>\n",
              "      <th>15</th>\n",
              "      <th>16</th>\n",
              "      <th>17</th>\n",
              "      <th>18</th>\n",
              "      <th>19</th>\n",
              "      <th>20</th>\n",
              "      <th>21</th>\n",
              "      <th>22</th>\n",
              "      <th>23</th>\n",
              "    </tr>\n",
              "  </thead>\n",
              "  <tbody>\n",
              "    <tr>\n",
              "      <th>0</th>\n",
              "      <td>6.998573</td>\n",
              "      <td>9.408469</td>\n",
              "      <td>2.532186</td>\n",
              "      <td>-8.431070</td>\n",
              "      <td>-8.143690</td>\n",
              "      <td>-4.183724</td>\n",
              "      <td>-6.978903</td>\n",
              "      <td>0.551976</td>\n",
              "      <td>-5.264983</td>\n",
              "      <td>-8.393296</td>\n",
              "      <td>-4.300683</td>\n",
              "      <td>-1.958555</td>\n",
              "      <td>2.920012</td>\n",
              "      <td>-3.306722</td>\n",
              "      <td>1.790339</td>\n",
              "      <td>-4.060140</td>\n",
              "      <td>-7.391625</td>\n",
              "      <td>-9.224140</td>\n",
              "      <td>-4.908863</td>\n",
              "      <td>-5.676293</td>\n",
              "      <td>-8.491590</td>\n",
              "      <td>6.623749</td>\n",
              "      <td>18.816939</td>\n",
              "      <td>35.118746</td>\n",
              "    </tr>\n",
              "    <tr>\n",
              "      <th>1</th>\n",
              "      <td>4.793187</td>\n",
              "      <td>-10.486679</td>\n",
              "      <td>-11.349761</td>\n",
              "      <td>-1.199810</td>\n",
              "      <td>7.699211</td>\n",
              "      <td>-0.448901</td>\n",
              "      <td>8.037399</td>\n",
              "      <td>-4.052600</td>\n",
              "      <td>-4.742263</td>\n",
              "      <td>7.565513</td>\n",
              "      <td>-0.992729</td>\n",
              "      <td>0.916247</td>\n",
              "      <td>6.230184</td>\n",
              "      <td>-3.126671</td>\n",
              "      <td>-8.486790</td>\n",
              "      <td>3.047311</td>\n",
              "      <td>-2.881562</td>\n",
              "      <td>-1.499004</td>\n",
              "      <td>-5.051019</td>\n",
              "      <td>3.580666</td>\n",
              "      <td>-0.262859</td>\n",
              "      <td>7.287736</td>\n",
              "      <td>-20.973358</td>\n",
              "      <td>38.438682</td>\n",
              "    </tr>\n",
              "    <tr>\n",
              "      <th>2</th>\n",
              "      <td>6.868155</td>\n",
              "      <td>8.609617</td>\n",
              "      <td>1.871433</td>\n",
              "      <td>-7.423131</td>\n",
              "      <td>-5.201634</td>\n",
              "      <td>-2.139696</td>\n",
              "      <td>-8.653000</td>\n",
              "      <td>-0.492976</td>\n",
              "      <td>-4.859249</td>\n",
              "      <td>-6.213616</td>\n",
              "      <td>-7.360273</td>\n",
              "      <td>-3.566184</td>\n",
              "      <td>3.883799</td>\n",
              "      <td>-5.042229</td>\n",
              "      <td>0.804977</td>\n",
              "      <td>-4.970622</td>\n",
              "      <td>-7.574512</td>\n",
              "      <td>-9.900526</td>\n",
              "      <td>-4.340172</td>\n",
              "      <td>-5.954579</td>\n",
              "      <td>-7.940610</td>\n",
              "      <td>6.969959</td>\n",
              "      <td>17.219235</td>\n",
              "      <td>36.849794</td>\n",
              "    </tr>\n",
              "    <tr>\n",
              "      <th>3</th>\n",
              "      <td>-0.799462</td>\n",
              "      <td>1.689073</td>\n",
              "      <td>-4.370141</td>\n",
              "      <td>0.726486</td>\n",
              "      <td>8.118532</td>\n",
              "      <td>8.753459</td>\n",
              "      <td>4.033157</td>\n",
              "      <td>9.700902</td>\n",
              "      <td>-8.339233</td>\n",
              "      <td>-1.875282</td>\n",
              "      <td>-6.949858</td>\n",
              "      <td>-8.679964</td>\n",
              "      <td>1.534346</td>\n",
              "      <td>3.048216</td>\n",
              "      <td>-4.838816</td>\n",
              "      <td>0.842730</td>\n",
              "      <td>7.680817</td>\n",
              "      <td>6.593378</td>\n",
              "      <td>-0.033904</td>\n",
              "      <td>3.243168</td>\n",
              "      <td>-3.415298</td>\n",
              "      <td>3.079304</td>\n",
              "      <td>3.378146</td>\n",
              "      <td>17.396518</td>\n",
              "    </tr>\n",
              "    <tr>\n",
              "      <th>4</th>\n",
              "      <td>-3.387209</td>\n",
              "      <td>5.545563</td>\n",
              "      <td>-1.587408</td>\n",
              "      <td>4.467429</td>\n",
              "      <td>-5.267274</td>\n",
              "      <td>-5.848685</td>\n",
              "      <td>9.866669</td>\n",
              "      <td>8.965117</td>\n",
              "      <td>3.145881</td>\n",
              "      <td>9.799044</td>\n",
              "      <td>9.268282</td>\n",
              "      <td>8.572958</td>\n",
              "      <td>-0.531562</td>\n",
              "      <td>-7.867665</td>\n",
              "      <td>3.826176</td>\n",
              "      <td>9.256155</td>\n",
              "      <td>-1.291767</td>\n",
              "      <td>0.404302</td>\n",
              "      <td>-7.259650</td>\n",
              "      <td>-3.967976</td>\n",
              "      <td>-8.853880</td>\n",
              "      <td>9.119730</td>\n",
              "      <td>11.091127</td>\n",
              "      <td>47.598652</td>\n",
              "    </tr>\n",
              "    <tr>\n",
              "      <th>...</th>\n",
              "      <td>...</td>\n",
              "      <td>...</td>\n",
              "      <td>...</td>\n",
              "      <td>...</td>\n",
              "      <td>...</td>\n",
              "      <td>...</td>\n",
              "      <td>...</td>\n",
              "      <td>...</td>\n",
              "      <td>...</td>\n",
              "      <td>...</td>\n",
              "      <td>...</td>\n",
              "      <td>...</td>\n",
              "      <td>...</td>\n",
              "      <td>...</td>\n",
              "      <td>...</td>\n",
              "      <td>...</td>\n",
              "      <td>...</td>\n",
              "      <td>...</td>\n",
              "      <td>...</td>\n",
              "      <td>...</td>\n",
              "      <td>...</td>\n",
              "      <td>...</td>\n",
              "      <td>...</td>\n",
              "      <td>...</td>\n",
              "    </tr>\n",
              "    <tr>\n",
              "      <th>9995</th>\n",
              "      <td>7.494563</td>\n",
              "      <td>-5.074564</td>\n",
              "      <td>-4.711338</td>\n",
              "      <td>7.934581</td>\n",
              "      <td>-3.270472</td>\n",
              "      <td>3.546957</td>\n",
              "      <td>7.996760</td>\n",
              "      <td>-8.082516</td>\n",
              "      <td>7.863600</td>\n",
              "      <td>-8.708209</td>\n",
              "      <td>-1.818010</td>\n",
              "      <td>-1.969718</td>\n",
              "      <td>3.059984</td>\n",
              "      <td>5.762773</td>\n",
              "      <td>-7.941723</td>\n",
              "      <td>-7.505039</td>\n",
              "      <td>1.692035</td>\n",
              "      <td>5.830330</td>\n",
              "      <td>-4.594614</td>\n",
              "      <td>1.553950</td>\n",
              "      <td>-6.002820</td>\n",
              "      <td>-1.256688</td>\n",
              "      <td>-10.149128</td>\n",
              "      <td>-4.283439</td>\n",
              "    </tr>\n",
              "    <tr>\n",
              "      <th>9996</th>\n",
              "      <td>4.880187</td>\n",
              "      <td>-0.106195</td>\n",
              "      <td>6.322375</td>\n",
              "      <td>3.648013</td>\n",
              "      <td>-6.886901</td>\n",
              "      <td>-7.088115</td>\n",
              "      <td>4.059726</td>\n",
              "      <td>-4.205167</td>\n",
              "      <td>-2.500681</td>\n",
              "      <td>-8.251794</td>\n",
              "      <td>3.141042</td>\n",
              "      <td>6.743491</td>\n",
              "      <td>7.649316</td>\n",
              "      <td>-5.707326</td>\n",
              "      <td>7.010957</td>\n",
              "      <td>-7.595744</td>\n",
              "      <td>-1.489179</td>\n",
              "      <td>-1.734962</td>\n",
              "      <td>1.578287</td>\n",
              "      <td>-0.358273</td>\n",
              "      <td>0.896843</td>\n",
              "      <td>-0.598492</td>\n",
              "      <td>-0.212391</td>\n",
              "      <td>-0.992460</td>\n",
              "    </tr>\n",
              "    <tr>\n",
              "      <th>9997</th>\n",
              "      <td>0.232640</td>\n",
              "      <td>-3.743657</td>\n",
              "      <td>-2.696358</td>\n",
              "      <td>-5.457263</td>\n",
              "      <td>-10.410667</td>\n",
              "      <td>4.964825</td>\n",
              "      <td>6.449131</td>\n",
              "      <td>-9.378586</td>\n",
              "      <td>-4.319468</td>\n",
              "      <td>-4.918942</td>\n",
              "      <td>4.178273</td>\n",
              "      <td>-0.944115</td>\n",
              "      <td>-1.622405</td>\n",
              "      <td>-3.984385</td>\n",
              "      <td>1.462354</td>\n",
              "      <td>7.379106</td>\n",
              "      <td>9.868613</td>\n",
              "      <td>-9.469114</td>\n",
              "      <td>0.780065</td>\n",
              "      <td>-8.655670</td>\n",
              "      <td>6.122351</td>\n",
              "      <td>2.756798</td>\n",
              "      <td>-7.487315</td>\n",
              "      <td>15.783988</td>\n",
              "    </tr>\n",
              "    <tr>\n",
              "      <th>9998</th>\n",
              "      <td>8.295326</td>\n",
              "      <td>6.859333</td>\n",
              "      <td>2.417073</td>\n",
              "      <td>0.090296</td>\n",
              "      <td>7.000321</td>\n",
              "      <td>5.771287</td>\n",
              "      <td>-9.733212</td>\n",
              "      <td>5.350132</td>\n",
              "      <td>0.210878</td>\n",
              "      <td>-1.327423</td>\n",
              "      <td>-2.407195</td>\n",
              "      <td>-0.484176</td>\n",
              "      <td>-4.077871</td>\n",
              "      <td>5.578387</td>\n",
              "      <td>4.684578</td>\n",
              "      <td>-8.031806</td>\n",
              "      <td>3.940529</td>\n",
              "      <td>6.444920</td>\n",
              "      <td>3.227489</td>\n",
              "      <td>-3.910154</td>\n",
              "      <td>-4.691817</td>\n",
              "      <td>-3.643433</td>\n",
              "      <td>13.718667</td>\n",
              "      <td>-16.217167</td>\n",
              "    </tr>\n",
              "    <tr>\n",
              "      <th>9999</th>\n",
              "      <td>-1.901190</td>\n",
              "      <td>8.776796</td>\n",
              "      <td>-3.670040</td>\n",
              "      <td>6.938841</td>\n",
              "      <td>11.227721</td>\n",
              "      <td>3.464183</td>\n",
              "      <td>-3.644097</td>\n",
              "      <td>10.000124</td>\n",
              "      <td>-3.026736</td>\n",
              "      <td>8.767167</td>\n",
              "      <td>-7.663503</td>\n",
              "      <td>8.306330</td>\n",
              "      <td>5.812670</td>\n",
              "      <td>-8.141203</td>\n",
              "      <td>3.301537</td>\n",
              "      <td>-5.728930</td>\n",
              "      <td>-0.412929</td>\n",
              "      <td>0.392734</td>\n",
              "      <td>-7.123418</td>\n",
              "      <td>7.041607</td>\n",
              "      <td>8.837354</td>\n",
              "      <td>2.715356</td>\n",
              "      <td>17.553593</td>\n",
              "      <td>15.576779</td>\n",
              "    </tr>\n",
              "  </tbody>\n",
              "</table>\n",
              "<p>10000 rows × 24 columns</p>\n",
              "</div>"
            ],
            "text/plain": [
              "            0          1          2   ...        21         22         23\n",
              "0     6.998573   9.408469   2.532186  ...  6.623749  18.816939  35.118746\n",
              "1     4.793187 -10.486679 -11.349761  ...  7.287736 -20.973358  38.438682\n",
              "2     6.868155   8.609617   1.871433  ...  6.969959  17.219235  36.849794\n",
              "3    -0.799462   1.689073  -4.370141  ...  3.079304   3.378146  17.396518\n",
              "4    -3.387209   5.545563  -1.587408  ...  9.119730  11.091127  47.598652\n",
              "...        ...        ...        ...  ...       ...        ...        ...\n",
              "9995  7.494563  -5.074564  -4.711338  ... -1.256688 -10.149128  -4.283439\n",
              "9996  4.880187  -0.106195   6.322375  ... -0.598492  -0.212391  -0.992460\n",
              "9997  0.232640  -3.743657  -2.696358  ...  2.756798  -7.487315  15.783988\n",
              "9998  8.295326   6.859333   2.417073  ... -3.643433  13.718667 -16.217167\n",
              "9999 -1.901190   8.776796  -3.670040  ...  2.715356  17.553593  15.576779\n",
              "\n",
              "[10000 rows x 24 columns]"
            ]
          },
          "metadata": {
            "tags": []
          },
          "execution_count": 30
        }
      ]
    },
    {
      "cell_type": "markdown",
      "metadata": {
        "id": "74CpVPyFnOzo"
      },
      "source": [
        "ทำการเตรียมข้อมูลก่อนจะนำข้อมูลไปใช้ โดยการตัดตัวที่มี correlation กันออกไป เพื่อลดข้อมูลที่เหมือนกันออกจาก Data "
      ]
    },
    {
      "cell_type": "code",
      "metadata": {
        "id": "ovjZgZGIoRrE",
        "colab": {
          "base_uri": "https://localhost:8080/"
        },
        "outputId": "bdab4114-06ce-41ff-83f2-4506420644ff"
      },
      "source": [
        "Data.shape #ดูขนาดของข้อมูล Data ก่อน "
      ],
      "execution_count": 31,
      "outputs": [
        {
          "output_type": "execute_result",
          "data": {
            "text/plain": [
              "(10000, 24)"
            ]
          },
          "metadata": {
            "tags": []
          },
          "execution_count": 31
        }
      ]
    },
    {
      "cell_type": "code",
      "metadata": {
        "id": "wuTw1mF2ngGT"
      },
      "source": [
        "corr = np.corrcoef(Data.to_numpy().T)"
      ],
      "execution_count": 32,
      "outputs": []
    },
    {
      "cell_type": "code",
      "metadata": {
        "id": "08pZQtO5nlSs",
        "colab": {
          "base_uri": "https://localhost:8080/"
        },
        "outputId": "55e0260c-6d09-4f62-827e-73ff837ce083"
      },
      "source": [
        "corr.shape #ดูขนาดของ corrcoef ของ Data"
      ],
      "execution_count": 33,
      "outputs": [
        {
          "output_type": "execute_result",
          "data": {
            "text/plain": [
              "(24, 24)"
            ]
          },
          "metadata": {
            "tags": []
          },
          "execution_count": 33
        }
      ]
    },
    {
      "cell_type": "code",
      "metadata": {
        "id": "w2gljD55ns1y",
        "colab": {
          "base_uri": "https://localhost:8080/"
        },
        "outputId": "0bf99f22-bd52-4b4f-c1aa-5c46e2dd3573"
      },
      "source": [
        "corr #ปริ้น corr ออกมาดู "
      ],
      "execution_count": 34,
      "outputs": [
        {
          "output_type": "execute_result",
          "data": {
            "text/plain": [
              "array([[ 1.00000000e+00,  1.23903188e-01,  2.28794749e-01,\n",
              "         2.35329455e-01, -1.56529222e-01,  1.68260184e-02,\n",
              "         4.76875802e-02, -2.02628736e-01,  2.11060876e-02,\n",
              "        -2.28383398e-01, -5.63216180e-02, -5.02260272e-02,\n",
              "         1.49595244e-01,  9.83114562e-02, -2.45174307e-02,\n",
              "        -3.38078975e-01, -4.11816751e-02,  2.08305284e-01,\n",
              "        -8.39779930e-02, -4.46110484e-02,  3.30472007e-02,\n",
              "        -2.64816388e-02,  1.23903188e-01, -2.64816388e-02],\n",
              "       [ 1.23903188e-01,  1.00000000e+00,  3.16656275e-01,\n",
              "         2.47043280e-02,  3.59457400e-02, -1.65541918e-02,\n",
              "        -3.22876326e-01,  4.18115408e-01, -5.71404322e-02,\n",
              "        -7.45641545e-02, -3.28207009e-01, -5.21052116e-02,\n",
              "        -1.62097081e-02,  7.70602402e-02,  2.78274244e-01,\n",
              "        -9.91084020e-02, -1.09066875e-01,  1.12551256e-01,\n",
              "        -1.44271091e-01, -3.25694701e-02,  7.56498100e-02,\n",
              "         1.85420501e-01,  1.00000000e+00,  1.85420501e-01],\n",
              "       [ 2.28794749e-01,  3.16656275e-01,  1.00000000e+00,\n",
              "         1.28893556e-02, -4.14465821e-01, -5.10116258e-01,\n",
              "        -3.07333155e-01,  1.04363813e-01, -2.82100015e-01,\n",
              "        -2.35230853e-02, -1.16377733e-01,  1.72989678e-01,\n",
              "        -4.21331174e-02, -1.34223651e-01,  5.22260107e-01,\n",
              "        -2.06413109e-01,  4.85805180e-02,  4.29171310e-01,\n",
              "         3.02017554e-01, -3.58374880e-01,  2.35038107e-01,\n",
              "        -3.33587518e-02,  3.16656275e-01, -3.33587518e-02],\n",
              "       [ 2.35329455e-01,  2.47043280e-02,  1.28893556e-02,\n",
              "         1.00000000e+00,  2.61072621e-01,  1.81424746e-02,\n",
              "         1.92862052e-01, -1.19261205e-01,  3.14563136e-01,\n",
              "         1.03112437e-02,  4.26576463e-01,  4.07840753e-02,\n",
              "         2.85461348e-01,  7.23019445e-02,  2.12434373e-01,\n",
              "        -3.01192985e-01, -3.24421019e-02,  8.07552908e-02,\n",
              "        -1.78033462e-01,  3.90018387e-01,  1.22597717e-01,\n",
              "        -1.97878127e-01,  2.47043280e-02, -1.97878127e-01],\n",
              "       [-1.56529222e-01,  3.59457400e-02, -4.14465821e-01,\n",
              "         2.61072621e-01,  1.00000000e+00,  5.61074677e-01,\n",
              "        -2.44014211e-01,  1.88336444e-01,  2.97276837e-01,\n",
              "         2.87376658e-01, -1.55512908e-01, -2.25353313e-01,\n",
              "        -2.00689587e-01,  4.41635265e-01,  5.59908856e-02,\n",
              "        -4.11483711e-02, -9.48110551e-02, -9.17454641e-02,\n",
              "         4.54731380e-03,  2.71394765e-01,  4.93661956e-02,\n",
              "        -1.99849515e-01,  3.59457400e-02, -1.99849515e-01],\n",
              "       [ 1.68260184e-02, -1.65541918e-02, -5.10116258e-01,\n",
              "         1.81424746e-02,  5.61074677e-01,  1.00000000e+00,\n",
              "         1.29935103e-01,  2.63312237e-02,  2.02618551e-01,\n",
              "        -2.36947103e-02, -1.40995568e-01, -1.91375709e-01,\n",
              "        -1.65134742e-01,  5.05286220e-01,  7.72437212e-02,\n",
              "         8.77615612e-02,  3.07289379e-01, -3.27669757e-01,\n",
              "         2.34906027e-02,  2.57774116e-02,  1.73812504e-01,\n",
              "        -3.59957840e-01, -1.65541918e-02, -3.59957840e-01],\n",
              "       [ 4.76875802e-02, -3.22876326e-01, -3.07333155e-01,\n",
              "         1.92862052e-01, -2.44014211e-01,  1.29935103e-01,\n",
              "         1.00000000e+00, -2.47547907e-01, -8.68273887e-03,\n",
              "        -2.13811239e-01,  2.62258156e-01,  2.21183900e-01,\n",
              "         3.93911108e-01, -5.46551695e-02, -1.76847324e-01,\n",
              "         2.04981427e-01,  3.48999838e-01, -3.71383957e-02,\n",
              "         4.64361467e-02,  3.30001078e-01,  2.11098431e-01,\n",
              "        -8.12028381e-02, -3.22876326e-01, -8.12028381e-02],\n",
              "       [-2.02628736e-01,  4.18115408e-01,  1.04363813e-01,\n",
              "        -1.19261205e-01,  1.88336444e-01,  2.63312237e-02,\n",
              "        -2.47547907e-01,  1.00000000e+00, -3.88731610e-01,\n",
              "         2.97792340e-01, -4.32185825e-01,  2.10343113e-01,\n",
              "        -1.24458547e-01, -3.11627563e-01,  1.87057189e-01,\n",
              "         8.11335026e-02, -4.05084937e-02,  2.00913610e-01,\n",
              "         5.40107347e-02,  2.20854750e-01, -1.80950200e-01,\n",
              "         2.05248670e-01,  4.18115408e-01,  2.05248670e-01],\n",
              "       [ 2.11060876e-02, -5.71404322e-02, -2.82100015e-01,\n",
              "         3.14563136e-01,  2.97276837e-01,  2.02618551e-01,\n",
              "        -8.68273887e-03, -3.88731610e-01,  1.00000000e+00,\n",
              "         3.56049091e-02,  3.46564189e-01,  1.12710166e-01,\n",
              "        -2.25397598e-01,  5.86308397e-01,  4.28384597e-02,\n",
              "         1.75452228e-01, -3.17773543e-01, -1.42367446e-01,\n",
              "        -4.05580246e-01, -1.47462244e-01, -6.96422203e-02,\n",
              "        -6.67286918e-02, -5.71404322e-02, -6.67286918e-02],\n",
              "       [-2.28383398e-01, -7.45641545e-02, -2.35230853e-02,\n",
              "         1.03112437e-02,  2.87376658e-01, -2.36947103e-02,\n",
              "        -2.13811239e-01,  2.97792340e-01,  3.56049091e-02,\n",
              "         1.00000000e+00, -1.48351983e-01,  9.38458429e-02,\n",
              "        -3.01478704e-01, -1.83719752e-01, -1.01442812e-01,\n",
              "         5.93513904e-02, -1.40120512e-01,  2.60003949e-01,\n",
              "        -3.71410235e-01, -2.67545998e-01,  6.72511150e-02,\n",
              "         1.98379046e-01, -7.45641545e-02,  1.98379046e-01],\n",
              "       [-5.63216180e-02, -3.28207009e-01, -1.16377733e-01,\n",
              "         4.26576463e-01, -1.55512908e-01, -1.40995568e-01,\n",
              "         2.62258156e-01, -4.32185825e-01,  3.46564189e-01,\n",
              "        -1.48351983e-01,  1.00000000e+00,  1.31125165e-01,\n",
              "         3.05200297e-01, -4.22191124e-02,  1.87839400e-01,\n",
              "         1.10763113e-01, -5.76900467e-04, -4.11797595e-01,\n",
              "        -3.93414330e-02, -2.47129826e-02, -1.72798395e-02,\n",
              "        -2.26668331e-01, -3.28207009e-01, -2.26668331e-01],\n",
              "       [-5.02260272e-02, -5.21052116e-02,  1.72989678e-01,\n",
              "         4.07840753e-02, -2.25353313e-01, -1.91375709e-01,\n",
              "         2.21183900e-01,  2.10343113e-01,  1.12710166e-01,\n",
              "         9.38458429e-02,  1.31125165e-01,  1.00000000e+00,\n",
              "         2.14936313e-01, -3.07106670e-01,  4.53748216e-01,\n",
              "         3.77535054e-01,  5.54853367e-02,  2.50804309e-02,\n",
              "        -1.22615089e-02,  1.48871317e-01,  4.38879780e-01,\n",
              "        -2.49146344e-02, -5.21052116e-02, -2.49146344e-02],\n",
              "       [ 1.49595244e-01, -1.62097081e-02, -4.21331174e-02,\n",
              "         2.85461348e-01, -2.00689587e-01, -1.65134742e-01,\n",
              "         3.93911108e-01, -1.24458547e-01, -2.25397598e-01,\n",
              "        -3.01478704e-01,  3.05200297e-01,  2.14936313e-01,\n",
              "         1.00000000e+00, -2.70346480e-01,  4.43813402e-02,\n",
              "        -3.09546603e-01,  8.40695785e-02, -1.93245153e-01,\n",
              "        -3.12904038e-02,  5.42316794e-01,  2.93153342e-01,\n",
              "        -2.96607864e-01, -1.62097081e-02, -2.96607864e-01],\n",
              "       [ 9.83114562e-02,  7.70602402e-02, -1.34223651e-01,\n",
              "         7.23019445e-02,  4.41635265e-01,  5.05286220e-01,\n",
              "        -5.46551695e-02, -3.11627563e-01,  5.86308397e-01,\n",
              "        -1.83719752e-01, -4.22191124e-02, -3.07106670e-01,\n",
              "        -2.70346480e-01,  1.00000000e+00,  1.12210130e-01,\n",
              "         1.30670938e-01, -1.08861687e-02, -1.03055977e-02,\n",
              "        -3.04844967e-02, -1.82996866e-01,  6.22368115e-02,\n",
              "        -1.85538820e-01,  7.70602402e-02, -1.85538820e-01],\n",
              "       [-2.45174307e-02,  2.78274244e-01,  5.22260107e-01,\n",
              "         2.12434373e-01,  5.59908856e-02,  7.72437212e-02,\n",
              "        -1.76847324e-01,  1.87057189e-01,  4.28384597e-02,\n",
              "        -1.01442812e-01,  1.87839400e-01,  4.53748216e-01,\n",
              "         4.43813402e-02,  1.12210130e-01,  1.00000000e+00,\n",
              "         2.08425370e-01,  9.31682524e-02, -1.94153306e-01,\n",
              "         2.82805263e-01, -1.35998410e-01,  4.76494255e-01,\n",
              "        -2.50318683e-01,  2.78274244e-01, -2.50318683e-01],\n",
              "       [-3.38078975e-01, -9.91084020e-02, -2.06413109e-01,\n",
              "        -3.01192985e-01, -4.11483711e-02,  8.77615612e-02,\n",
              "         2.04981427e-01,  8.11335026e-02,  1.75452228e-01,\n",
              "         5.93513904e-02,  1.10763113e-01,  3.77535054e-01,\n",
              "        -3.09546603e-01,  1.30670938e-01,  2.08425370e-01,\n",
              "         1.00000000e+00,  2.46444984e-02, -2.14916163e-01,\n",
              "        -1.66155874e-02, -1.42770728e-01,  1.22792234e-01,\n",
              "         3.99853066e-01, -9.91084020e-02,  3.99853066e-01],\n",
              "       [-4.11816751e-02, -1.09066875e-01,  4.85805180e-02,\n",
              "        -3.24421019e-02, -9.48110551e-02,  3.07289379e-01,\n",
              "         3.48999838e-01, -4.05084937e-02, -3.17773543e-01,\n",
              "        -1.40120512e-01, -5.76900467e-04,  5.54853367e-02,\n",
              "         8.40695785e-02, -1.08861687e-02,  9.31682524e-02,\n",
              "         2.46444984e-02,  1.00000000e+00,  2.76805962e-01,\n",
              "         5.78459547e-01,  1.37234718e-01,  4.98625991e-01,\n",
              "        -5.46440365e-01, -1.09066875e-01, -5.46440365e-01],\n",
              "       [ 2.08305284e-01,  1.12551256e-01,  4.29171310e-01,\n",
              "         8.07552908e-02, -9.17454641e-02, -3.27669757e-01,\n",
              "        -3.71383957e-02,  2.00913610e-01, -1.42367446e-01,\n",
              "         2.60003949e-01, -4.11797595e-01,  2.50804309e-02,\n",
              "        -1.93245153e-01, -1.03055977e-02, -1.94153306e-01,\n",
              "        -2.14916163e-01,  2.76805962e-01,  1.00000000e+00,\n",
              "         1.54678139e-01,  5.87071765e-02,  7.45859803e-02,\n",
              "         2.67737267e-02,  1.12551256e-01,  2.67737267e-02],\n",
              "       [-8.39779930e-02, -1.44271091e-01,  3.02017554e-01,\n",
              "        -1.78033462e-01,  4.54731380e-03,  2.34906027e-02,\n",
              "         4.64361467e-02,  5.40107347e-02, -4.05580246e-01,\n",
              "        -3.71410235e-01, -3.93414330e-02, -1.22615089e-02,\n",
              "        -3.12904038e-02, -3.04844967e-02,  2.82805263e-01,\n",
              "        -1.66155874e-02,  5.78459547e-01,  1.54678139e-01,\n",
              "         1.00000000e+00,  1.25288099e-01,  1.95182924e-01,\n",
              "        -5.02981579e-01, -1.44271091e-01, -5.02981579e-01],\n",
              "       [-4.46110484e-02, -3.25694701e-02, -3.58374880e-01,\n",
              "         3.90018387e-01,  2.71394765e-01,  2.57774116e-02,\n",
              "         3.30001078e-01,  2.20854750e-01, -1.47462244e-01,\n",
              "        -2.67545998e-01, -2.47129826e-02,  1.48871317e-01,\n",
              "         5.42316794e-01, -1.82996866e-01, -1.35998410e-01,\n",
              "        -1.42770728e-01,  1.37234718e-01,  5.87071765e-02,\n",
              "         1.25288099e-01,  1.00000000e+00,  5.78289465e-02,\n",
              "        -1.50504056e-01, -3.25694701e-02, -1.50504056e-01],\n",
              "       [ 3.30472007e-02,  7.56498100e-02,  2.35038107e-01,\n",
              "         1.22597717e-01,  4.93661956e-02,  1.73812504e-01,\n",
              "         2.11098431e-01, -1.80950200e-01, -6.96422203e-02,\n",
              "         6.72511150e-02, -1.72798395e-02,  4.38879780e-01,\n",
              "         2.93153342e-01,  6.22368115e-02,  4.76494255e-01,\n",
              "         1.22792234e-01,  4.98625991e-01,  7.45859803e-02,\n",
              "         1.95182924e-01,  5.78289465e-02,  1.00000000e+00,\n",
              "        -3.47974154e-01,  7.56498100e-02, -3.47974154e-01],\n",
              "       [-2.64816388e-02,  1.85420501e-01, -3.33587518e-02,\n",
              "        -1.97878127e-01, -1.99849515e-01, -3.59957840e-01,\n",
              "        -8.12028381e-02,  2.05248670e-01, -6.67286918e-02,\n",
              "         1.98379046e-01, -2.26668331e-01, -2.49146344e-02,\n",
              "        -2.96607864e-01, -1.85538820e-01, -2.50318683e-01,\n",
              "         3.99853066e-01, -5.46440365e-01,  2.67737267e-02,\n",
              "        -5.02981579e-01, -1.50504056e-01, -3.47974154e-01,\n",
              "         1.00000000e+00,  1.85420501e-01,  1.00000000e+00],\n",
              "       [ 1.23903188e-01,  1.00000000e+00,  3.16656275e-01,\n",
              "         2.47043280e-02,  3.59457400e-02, -1.65541918e-02,\n",
              "        -3.22876326e-01,  4.18115408e-01, -5.71404322e-02,\n",
              "        -7.45641545e-02, -3.28207009e-01, -5.21052116e-02,\n",
              "        -1.62097081e-02,  7.70602402e-02,  2.78274244e-01,\n",
              "        -9.91084020e-02, -1.09066875e-01,  1.12551256e-01,\n",
              "        -1.44271091e-01, -3.25694701e-02,  7.56498100e-02,\n",
              "         1.85420501e-01,  1.00000000e+00,  1.85420501e-01],\n",
              "       [-2.64816388e-02,  1.85420501e-01, -3.33587518e-02,\n",
              "        -1.97878127e-01, -1.99849515e-01, -3.59957840e-01,\n",
              "        -8.12028381e-02,  2.05248670e-01, -6.67286918e-02,\n",
              "         1.98379046e-01, -2.26668331e-01, -2.49146344e-02,\n",
              "        -2.96607864e-01, -1.85538820e-01, -2.50318683e-01,\n",
              "         3.99853066e-01, -5.46440365e-01,  2.67737267e-02,\n",
              "        -5.02981579e-01, -1.50504056e-01, -3.47974154e-01,\n",
              "         1.00000000e+00,  1.85420501e-01,  1.00000000e+00]])"
            ]
          },
          "metadata": {
            "tags": []
          },
          "execution_count": 34
        }
      ]
    },
    {
      "cell_type": "code",
      "metadata": {
        "id": "ppPGF2Banwq3"
      },
      "source": [
        "#ทำการวนลูปหาค่า correlation ที่ซ้ำกัน\n",
        "for i in range(corr.shape[0]):\n",
        "    for j in range(corr.shape[1]):\n",
        "        if (i !=j) and (corr[i,j] == 1.):\n",
        "            print(f'row = {i} column = {j} corrcoef = {corr[i,j]}')"
      ],
      "execution_count": 35,
      "outputs": []
    },
    {
      "cell_type": "markdown",
      "metadata": {
        "id": "BMDrbpC_pGRX"
      },
      "source": [
        "จากการวนลูป พบว่า correlation ไม่มีตัวซ้ำกัน จึงไม่จำเป็นตั้งตัดข้อมูลใดออก ดังนั้นข้อมูล Data จึงนำไปใช้ได้เลย"
      ]
    },
    {
      "cell_type": "markdown",
      "metadata": {
        "id": "_szjEbkw69pF"
      },
      "source": [
        "2. ทำการ clustering data แล้วทำ visualize ให้ข้อมูลออกมาในรูปแบบ 2 มิติ"
      ]
    },
    {
      "cell_type": "code",
      "metadata": {
        "id": "2xAUx5Ar6yKe"
      },
      "source": [
        "#Import ทำการ import function ที่ต้องการใช้ในการทำ K-mean จาก sklearn.cluster\n",
        "from sklearn.cluster import KMeans"
      ],
      "execution_count": 36,
      "outputs": []
    },
    {
      "cell_type": "code",
      "metadata": {
        "id": "vZTMbXA17DXb"
      },
      "source": [
        "#Defind ทำการกำหนดค่า k ที่เราต้อวงการ \n",
        "kmeans = KMeans(n_clusters=3,random_state=2021)\n",
        "#กำหนดค่า k ที่ต้องการ (ไม่จำเป็นต้องกำหนดก็ได้ เพราะkmeanมีdefult)\n",
        "#random_state=2021 ให้ทุกคนเริ่มสุ่มที่จุดเดียวกัน จะได้มีการจัดกลุ่มเหมือนกัน"
      ],
      "execution_count": 37,
      "outputs": []
    },
    {
      "cell_type": "code",
      "metadata": {
        "colab": {
          "base_uri": "https://localhost:8080/"
        },
        "id": "a9CT47rE7EuE",
        "outputId": "d079c8ef-29ec-4732-e5f7-2b933c5bb665"
      },
      "source": [
        "kmeans.fit(Data)"
      ],
      "execution_count": 38,
      "outputs": [
        {
          "output_type": "execute_result",
          "data": {
            "text/plain": [
              "KMeans(algorithm='auto', copy_x=True, init='k-means++', max_iter=300,\n",
              "       n_clusters=3, n_init=10, n_jobs=None, precompute_distances='auto',\n",
              "       random_state=2021, tol=0.0001, verbose=0)"
            ]
          },
          "metadata": {
            "tags": []
          },
          "execution_count": 38
        }
      ]
    },
    {
      "cell_type": "code",
      "metadata": {
        "colab": {
          "base_uri": "https://localhost:8080/"
        },
        "id": "PCCN-Oei7HUU",
        "outputId": "c5519ca5-aa6d-45d4-ac60-cb3edfa994eb"
      },
      "source": [
        "#แสดงจุดที่คำนวณได้\n",
        "kmeans.cluster_centers_"
      ],
